Random numbers 1
8.352205e-01 3.224604e-01 5.522616e-01 9.791291e-01 5.493085e-01 3.304236e-01 6.194716e-01 3.606366e-01 7.565095e-01 4.139007e-01 4.923451e-01 6.947432e-01 9.727339e-01 
3.277550e-01 8.378032e-01 7.390722e-01 9.541745e-01 3.192263e-02 3.568690e-01 6.626538e-01 2.815016e-01 2.303831e-01 7.111286e-01 6.245729e-01 5.906087e-01 6.604380e-01 
4.755467e-02 3.487848e-01 4.513406e-01 2.409050e-01 7.150450e-01 8.561823e-01 2.815077e-01 7.310508e-01 1.377629e-01 8.367228e-01 1.386017e-01 5.882094e-01 3.661568e-01 
8.067595e-01 5.037808e-01 4.895943e-01 8.770487e-01 3.531418e-01 4.494436e-01 9.635303e-01 4.229780e-02 9.729583e-01 1.892068e-01 6.671203e-01 5.864396e-01 6.751124e-01 
3.610220e-01 6.202784e-01 8.111509e-01 1.925748e-02 8.387351e-02 9.748017e-01 6.513495e-01 2.312378e-01 4.034911e-01 1.220205e-01 2.684388e-01 2.578462e-01 3.316652e-01 
1.522340e-01 3.480077e-01 1.216585e-01 8.841531e-01 9.427839e-02 9.300406e-01 3.990200e-01 4.740146e-02 3.423735e-01 7.359662e-01 7.946822e-01 5.449059e-01 6.862235e-01 
8.936327e-01 5.479179e-02 3.036614e-01 4.619156e-02 1.954768e-01 7.201658e-01 7.217533e-01 8.777991e-01 5.824330e-01 7.068434e-02 9.227446e-01 8.003721e-01 2.859469e-01 
5.436632e-01 9.847762e-01 7.156781e-01 8.389696e-01 4.332606e-01 4.706247e-01 5.607134e-01 2.690915e-01 7.490185e-01 5.038878e-01 6.468097e-01 3.077456e-01 1.387246e-01 
4.755729e-01 3.624593e-01 7.881134e-01 7.802958e-01 6.685122e-01 1.335039e-01 2.155589e-02 5.598407e-01 3.008190e-01 9.394097e-01 9.809036e-01 2.866204e-01 8.008203e-01 
8.961114e-01 5.975266e-01 8.840167e-01 9.437315e-01 5.491581e-01 7.283868e-01 5.767583e-01 2.585747e-02 4.465310e-01 6.463020e-01 5.212030e-01 3.723127e-01 9.371347e-01 
Random numbers 2
8.295328e-01 8.490855e-01 3.725342e-01 5.931846e-01 8.725526e-01 9.335016e-01 6.684643e-01 
2.067765e-01 6.538506e-01 7.205155e-02 4.067269e-01 6.669315e-01 9.337257e-01 8.109500e-01 
4.845483e-01 7.567492e-01 4.170475e-01 9.717860e-01 9.879747e-01 8.641475e-01 3.888838e-01 
4.547418e-01 2.466872e-01 7.844231e-01 8.828376e-01 9.137117e-01 5.582849e-01 5.988681e-01 
1.488767e-01 8.997135e-01 4.503936e-01 2.056723e-01 8.996510e-01 7.625855e-01 8.824863e-01 
2.849502e-01 6.732260e-01 6.642799e-01 1.228150e-01 4.073184e-01 2.752870e-01 7.166697e-01 
2.833844e-01 8.961989e-01 8.265789e-01 3.900265e-01 4.979029e-01 6.948052e-01 8.343690e-01 
6.096297e-01 5.747372e-01 3.260422e-01 4.564246e-01 7.137956e-01 8.844050e-01 7.208557e-01 
1.861277e-02 6.747765e-01 4.385088e-01 4.378202e-01 1.170368e-01 8.146817e-01 3.248554e-01 
